-144488192.3918145
-143478920.4201323
-96061674.9624434
-96045034.2564915
-52360548.5151902
-52360418.6971968
-39187154.9027473
-39058577.0024811
-11704765.2595010
-10649833.4413344
-9102011.4927456
-8181220.3420814
-4020019.2217006
-3863716.4742831
-3663975.1746268
-3663958.0383467
-2823502.5174061
-2638328.0866339
-642212.6222506
-642038.9792015
-381262.2143705
-373857.1689058
-269537.6665640
-249678.2279854
-248734.3374390
-213181.4377234
 -97331.3379283
 -96731.7113994
 -83781.6893738
 -78876.9521777
 -68508.4540371
 -68381.7005617
 -48483.5512182
 -48380.6380490
 -38902.9821359
 -38802.0137243
 -28350.1631671
 -27517.1401084
 -17566.2377722
 -17336.0404859
 -17148.8124339
 -16584.8127119
 -14304.0724877
 -13631.5020594
  -5514.5488258
  -5253.3298785
  -5050.0182355
  -4998.8323618
  -2123.4740675
  -1924.6527116
  -1891.9353298
  -1865.4990189
  -1780.4764229
  -1591.8802926
  -1475.6268492
  -1434.4707543
  -1379.6390175
  -1247.2924146
  -1180.2148586
  -1148.1224181
  -1030.1329793
  -1013.6511542
   -909.3567852
   -868.0366299
   -828.2766747
   -779.3635178
   -702.2300040
   -696.0047343
   -645.7579348
   -630.8935029
   -592.8069223
   -566.8681625
   -550.0313098
   -522.2084314
   -501.1660774
   -493.2463945
   -464.1748002
   -458.8500360
   -453.9146308
   -438.5222256
   -434.1748732
   -424.8388256
   -415.6621189
   -402.6016286
   -400.7823248
   -384.9764987
   -376.7419063
   -370.1062598
   -357.9120776
   -353.7813999
   -342.4866939
   -337.9987221
   -329.0588952
   -324.2641188
   -321.2033706
   -312.3844935
   -305.0011969
   -302.5859665
   -293.1882926
   -292.6340530
   -287.7593591
   -280.6675883
   -270.5066285
   -263.5231018
   -260.1390988
   -253.7994486
   -242.6595944
   -241.4623145
   -237.5879632
   -234.4214141
   -231.1060927
   -226.9793208
   -222.4003783
   -217.1969704
   -212.4990287
   -210.3912693
   -205.1992934
   -198.4791549
   -196.7673998
   -191.2668593
   -187.1276567
   -182.7973023
   -177.0364115
   -169.1629740
   -164.2575520
   -158.0150229
   -155.5408822
   -148.7440791
   -143.5257406
   -140.4193324
   -139.1622076
   -133.7330702
   -129.9213960
   -126.0844890
   -117.3634011
   -114.6443561
   -113.0792884
   -112.4384272
   -105.3064749
   -103.3733005
    -96.7990144
    -92.3328006
    -91.8485598
    -89.1624757
    -83.2654880
    -81.8651458
    -77.7284202
    -73.9015777
    -70.3558036
    -68.2257925
    -66.3762099
    -61.5306878
    -59.2035124
    -55.7914269
    -50.5409241
    -47.3131213
    -44.5573290
    -41.8730234
    -36.6038910
    -33.4358630
    -31.4768667
    -25.7536458
    -22.3181381
    -18.1417168
    -14.2531679
    -11.4241660
     -8.4720293
     -4.7704600
     -3.5902038
     -0.9093065
      1.1092793
      6.0007852
     15.6744171
     16.2987686
     18.8030543
     21.6348456
     27.6566433
     31.1002062
     34.2990403
     42.0457581
     44.5593072
     48.8076698
     52.6732486
     55.8408833
     57.2734882
     59.5644430
     62.7912424
     66.4409622
     72.9986330
     78.9530249
     85.6981741
     88.9318021
     91.8995332
     99.1170862
    103.7290991
    106.2574534
    109.4810097
    111.2292436
    115.3602294
    121.4838324
    125.9205156
    127.3082701
    132.7944068
    137.5015630
    140.2366852
    146.3976989
    148.2796914
    151.8063368
    161.2734568
    166.9547757
    171.9172424
    173.5767819
    178.8608918
    185.3803746
    189.3087503
    194.3223776
    196.2953514
    203.0257446
    204.5274015
    210.3935438
    214.4359492
    222.4404978
    227.1446016
    233.7954937
    235.8764426
    243.8878245
    251.9268882
    258.2954738
    261.8913917
    264.3051644
    268.1154684
    279.5468056
    295.3147363
    298.5562966
    302.3869253
    310.3610636
    312.4613921
    319.9786404
    329.3601788
    334.9093146
    340.2049657
    354.0482305
    367.5545413
    375.6457598
    396.4198747
    398.4438112
    416.3351356
    422.2010441
    431.1170916
    442.5381905
    450.5474627
    467.3319570
    473.1313145
    486.8222319
    502.5862554
    524.1029840
    582.8023730
    585.5506300
    627.6958173
    666.2791894
    720.1682618
    760.0646027
    771.7236499
    951.6413383
    996.3482704
   1084.7472506
   1157.4184001
   1218.5146693
   1431.3167556
   1573.7037659
   1620.1626728
   1650.0544320
   1714.0634204
   1993.0620595
   2079.1388093
   2468.8403371
   2506.0047284
   2638.7182843
   2909.6883328
   3590.4216231
   4061.5427603
   4317.3422807
   5284.3101502
   5316.6493662
   5442.0220295
   6122.5418244
   6673.6006932
   7013.6577768
   8057.1820199
   9569.2865632
  11997.9064504
  13714.5775821
  14568.9794172
  15114.5846099
  17623.9119828
  18761.1613025
  19947.1335717
  21717.4908130
  24663.1133413
  26616.7394943
  65315.2373220
  69501.9796848
 214908.5174120
 223123.6502292
 225964.1407653
 371686.4048364
 513485.4079184
 631923.2739170
 892693.9474329
1160256.7683329
1267180.2148688
3173587.0896440
3914787.0857588
4953671.0094788
8415571.3319254
36478095.0190626
47654778.0661672
55236648.8621770
117183715.0972255
146347405.1387850
509395226.9304420
680788999.7380055
1248933723.4226530
1877471024.8724120
